0.086201609
0.172122407
0.282602291
0.394060228
0.415559616
0.440866294
0.552418936
0.635014189
0.668044683
0.667969172
0.64309057
0.612125163
0.590292768
0.585590167
0.625606561
0.66109185
0.591654762
0.495178073
0.435487795
0.443106992
0.479242518
0.502200119
0.513466835
0.549272214
0.593888349
0.598362662
0.590144585
0.589956589
0.604344411
0.630336679
0.644938151
0.627857369
0.600623626
0.579125
0.562560047
0.548347017
0.535370357
0.526555133
0.522404008
0.518501061
0.515524312
0.530516772
0.566163982
0.579699748
0.552719665
0.517905499
0.488348006
0.469174222
0.462764626
0.473561042
0.508481273
0.547911474
0.543334504
0.493269682
0.452496769
0.443461739
0.456114286
0.474495876
0.493034683
0.519040116
0.55868671
0.596598022
0.634765961
0.675462065
0.718489973
0.762843327
0.806337596
0.833656513
0.833558332
0.836503768
0.887999804
0.931444982
0.965317493
0.988021894
0.998404556
0.99671093
0.99671093
0.99671093
0.99671093
0.99671093
0.99671093
0.99671093
0.99671093
0.99671093
0.99671093
0.99671093
0.99671093
0.99671093
0.99671093
0.99671093
0.99671093
0.99671093
0.99671093
0.99671093
0.99671093
0.99671093
0.99671093
0.99671093
0.99671093
0.99671093
0.99671093
0.99671093
0.99671093
0.99671093
0.99671093
0.99671093
0.99671093
0.99671093
0.99671093
0.99671093
0.99671093
0.99671093
0.99671093
0.99671093
0.99671093
0.99671093
0.99671093
0.99671093
0.99671093
0.99671093
0.99671093
0.99671093
0.99671093
0.99671093
0.99671093
0.99671093
0.99671093
0.99671093