  8.760000000000000E-011   9.34707680911072     
  1.752000000000000E-010   9.34707680911072     
  2.628000000000000E-010   9.34707680911072     
  3.504000000000000E-010   9.34707680911072     
  4.380000000000000E-010   9.34707680911072     
  6.132000000000000E-010   9.34707680911072     
  9.636000000000001E-010   9.34707680911072     
  1.664400000000000E-009   9.34707680911072     
  3.066000000000000E-009   9.34707680911072     
  5.869200000000000E-009   9.34707680911072     
  1.147560000000000E-008   9.34707680911072     
  2.268840000000000E-008   9.34707680911072     
  4.511400000000000E-008   9.34707680911072     
  8.996520000000000E-008   9.34707680911072     
  1.796676000000000E-007   9.34707680911072     
  3.590724000000001E-007   9.34707680911072     
  7.178820000000001E-007   9.34707680911072     
  1.435501200000000E-006   9.34707680911072     
  2.870739600000000E-006   9.34707680911073     
  5.741216399999999E-006   9.34707680911072     
  1.148217000000000E-005   9.34707680911073     
  2.296407720000000E-005   9.34707680911073     
  4.592789160000000E-005   9.34707680911073     
  9.185552040000001E-005   9.34707680911073     
  1.837107780000000E-004   9.34707680911075     
  3.674212931999999E-004   9.34707680911077     
  7.348423235999999E-004   9.34707680911081     
  1.469684384400000E-003   9.34707680911088     
  2.939368506000000E-003   9.34707680911104     
  5.878736749200001E-003   9.34707680911137     
  1.175747323560000E-002   9.34707680911201     
  2.351494620840000E-002   9.34707680911328     
  4.702989215400000E-002   9.34707680911073     
  9.405978404520002E-002   9.34707680911072     
  0.188119567827600        9.34707680911072     
  0.376239135392400        9.34707680911073     
  0.752478270522000        9.34707680911072     
   1.50495654078120        9.34707680911073     
   3.00991308129960        9.34707680911077     
   6.01982616233640        9.34707680911096     
   12.0396523244100        9.34707680911071     
   24.0793046485572        9.34707680911071     
   48.1586092968516        9.34707680911072     
   96.3172185934404        9.34707680911071     
   192.634437186618        9.34707680911072     
   385.268874372973        9.34707680911071     
   770.537748745684        9.34707680911072     
   1541.07549749110        9.34707680911072     
   3082.15099498195        9.34707680911073     
   6164.30198996363        9.34707680911075     
   11602.4785933775        9.34707680911073     
   20183.3799098768        9.34707680911136     
   33009.7426032126        9.34707680911986     
   51785.9653739341        9.34707680913725     
   80609.2738190025        9.34707680911445     
   119530.867374451        9.34707680911073     
   167543.639132435        9.34707680911790     
   245080.843772313        9.34707680911074     
   332680.843772313        9.34707680911072     
   420280.843772313        9.34707680911150     
   507880.843772313        9.34707680911075     
   595480.843772313        9.34707680911073     
   683080.843772313        9.34707680911072     
   770680.843772313        9.34707680911073     
   858280.843772313        9.34707680911072     
   876000.000000000        9.34707680911072     
