  8.760000000000000E-011   9.83727808172596     
  1.752000000000000E-010   9.83727808172599     
  2.628000000000000E-010   9.83727808172598     
  3.504000000000000E-010   9.83727808172597     
  4.380000000000000E-010   9.83727808172596     
  6.132000000000000E-010   9.83727808172596     
  9.636000000000001E-010   9.83727808172593     
  1.664400000000000E-009   9.83727808172588     
  3.066000000000000E-009   9.83727808172579     
  5.869200000000000E-009   9.83727808172561     
  1.147560000000000E-008   9.83727808172524     
  2.268840000000000E-008   9.83727808172449     
  4.511400000000000E-008   9.83727808172302     
  8.996520000000000E-008   9.83727808172010     
  1.796676000000000E-007   9.83727808171422     
  3.590724000000001E-007   9.83727808170248     
  7.178820000000001E-007   9.83727808167899     
  1.435501200000000E-006   9.83727808163202     
  2.870739600000000E-006   9.83727808153810     
  5.741216399999999E-006   9.83727808135021     
  1.148217000000000E-005   9.83727808097446     
  2.296407720000000E-005   9.83727808022296     
  4.592789160000000E-005   9.83727807871994     
  9.185552040000001E-005   9.83727807571390     
  1.837107780000000E-004   9.83727806970180     
  3.674212931999999E-004   9.83727805767763     
  7.348423235999999E-004   9.83727803362926     
  1.469684384400000E-003   9.83727798553251     
  2.939368506000000E-003   9.83727788933908     
  5.878736749200001E-003   9.83727769695224     
  1.175747323560000E-002   9.83727731217886     
  2.351494620840000E-002   9.83727654263325     
  4.702989215400000E-002   9.83727195276207     
  9.405978404520002E-002   9.83726582388454     
  0.188119567827600        9.83725356638974     
  0.376239135392400        9.83722905244100     
  0.752478270522000        9.83718002870553     
   1.50495654078120        9.83708199787152     
   3.00991308129960        9.83688600266222     
   6.01982616233640        9.83649427737186     
   12.0396523244100        9.83571181771438     
   24.0793046485572        9.83415102015210     
   48.1586092968516        9.83104548843556     
   96.3172185934404        9.82489644275000     
   192.634437186618        9.81283007660002     
   385.268874372973        9.78951339127294     
   770.537748745684        9.74547613008591     
   1541.07549749110        9.66435743670411     
   3082.15099498195        9.51553275348286     
   6164.30198996363        9.22658413684616     
   11602.4785933775        8.69814097702366     
   20183.3799098768        7.90310822600286     
   33009.7426032126        7.00977277755254     
   51785.9653739341        6.29185389072251     
   80609.2738190025        5.87761960896541     
   119530.867374451        5.72284010044993     
   167543.639132435        5.68066837616838     
   245080.843772313        5.67097203727268     
   332680.843772313        5.66960882692430     
   420280.843772313        5.66944212610407     
   507880.843772313        5.66942193938158     
   595480.843772313        5.66941951295712     
   683080.843772313        5.66941922229466     
   770680.843772313        5.66941918755404     
   858280.843772313        5.66941918340742     
   876000.000000000        5.66941918305524     
