  8.760000000000000E-011   1.36975618280086     
  1.752000000000000E-010   1.36975618280086     
  2.628000000000000E-010   1.36975618280086     
  3.504000000000000E-010   1.36975618280086     
  4.380000000000000E-010   1.36975618280086     
  6.132000000000000E-010   1.36975618280086     
  9.636000000000001E-010   1.36975618280086     
  1.664400000000000E-009   1.36975618280086     
  3.066000000000000E-009   1.36975618280086     
  5.869200000000000E-009   1.36975618280086     
  1.147560000000000E-008   1.36975618280087     
  2.268840000000000E-008   1.36975618280087     
  4.511400000000000E-008   1.36975618280087     
  8.996520000000000E-008   1.36975618280089     
  1.796676000000000E-007   1.36975618280091     
  3.590724000000001E-007   1.36975618280096     
  7.178820000000001E-007   1.36975618280106     
  1.435501200000000E-006   1.36975618280126     
  2.870739600000000E-006   1.36975618280166     
  5.741216399999999E-006   1.36975618280246     
  1.148217000000000E-005   1.36975618280405     
  2.296407720000000E-005   1.36975618280724     
  4.592789160000000E-005   1.36975618281361     
  9.185552040000001E-005   1.36975618282636     
  1.837107780000000E-004   1.36975618285186     
  3.674212931999999E-004   1.36975618290286     
  7.348423235999999E-004   1.36975618300486     
  1.469684384400000E-003   1.36975618320885     
  2.939368506000000E-003   1.36975618361683     
  5.878736749200001E-003   1.36975618443279     
  1.175747323560000E-002   1.36975618606472     
  2.351494620840000E-002   1.36975618932857     
  4.702989215400000E-002   1.36975620887801     
  9.405978404520002E-002   1.36975623495482     
  0.188119567827600        1.36975628710738     
  0.376239135392400        1.36975639140835     
  0.752478270522000        1.36975659999364     
   1.50495654078120        1.36975701709763     
   3.00991308129960        1.36975785103962     
   6.01982616233640        1.36975951786195     
   12.0396523244100        1.36976284720099     
   24.0793046485572        1.36976948905009     
   48.1586092968516        1.36978270649031     
   96.3172185934404        1.36980888559281     
   192.634437186618        1.36986028779382     
   385.268874372973        1.36995971583900     
   770.537748745684        1.37014769501424     
   1541.07549749110        1.37049326769674     
   3082.15099498195        1.37111658588283     
   6164.30198996363        1.37224459677038     
   11602.4785933775        1.37399180716602     
   20183.3799098768        1.37607714277055     
   33009.7426032126        1.37791783544031     
   51785.9653739341        1.37910126102559     
   80609.2738190025        1.37966217948724     
   119530.867374451        1.37984099400808     
   167543.639132435        1.37988413838253     
   245080.843772313        1.37989318159458     
   332680.843772313        1.37989436813437     
   420280.843772313        1.37989449968180     
   507880.843772313        1.37989450760687     
   595480.843772313        1.37989450100496     
   683080.843772313        1.37989449268688     
   770680.843772313        1.37989448416564     
   858280.843772313        1.37989447562030     
   876000.000000000        1.37989446899003     
